1, 108288 1 1 10 1click 1 10;
2, 204818;
3, 204818 reset-seek 3529 3 1 10 3click 1 10 1click 0 10;
4, 58588 1 0 20000;
5, 64588;
6, 69882;
7, 76235;
8, 83294;
9, 97412;
10, 106235;
11, 122118;
12, 132353;
13, 143647;
14, 157412;
15, 0 3 0 8000 3click 0 10 15 1 10;
16, 0 16 1 10;
17, 0 17 1 10;
18, 0 18 1 10;
19, 0 19 1 10;
20, 0 20 1 10;
21, 0 16 0 10 21 1 10;
22, 3809 22 1 10 22click 1 10;
23, 80000 15 0 3000 17 0 3000 18 0 3000 19 0 3000 20 0 3000 21 0 10;
24, 118095;
25, 249706;
26, 0 22 0 8000 22click 0 10 26 1 10;
27, 0 27 1 10;
28, 0 28 1 10;
29, 0 29 1 10;
30, 0 30 1 10;
31, 0 31 1 10;
32, 0 32 1 10;
33, 0 33 1 10;
34, 0 34 1 10;
35, 0 35 1 10;
36, 0 36 1 10;
37, 0 37 1 10;
38, 0 38 1 10;
39, 0 39 1 10;
40, 0 40 1 10;
41, 3334 41 1 10 41click 1 10;
42, 12500 26 0 500 27 0 500 28 0 500 29 0 500 30 0 500 31 0 500 32 0 500 33 0 500 34 0 500 35 0 500 36 0 500 37 0 500 38 0 500 39 0 500 40 0 500;
43, 34583;
44, 38750;
45, 51250;
46, 66250;
47, 72500;
48, 74583;
49, 77917;
50, 81667;
51, 99167;
52, 114583;
53, 117500;
54, 119167;
55, 126626;
56, 136861;
57, 142148;
58, 150256;
59, 159581;
60, 164446;
61, 171743;
62, 177824;
63, 201337;
64, 206991;
65, 220870;
66, 231133;
67, 242803;
68, 256592;
69, 264045;
70, 266654;
71, 270008;
72, 272616;
73, 275970;
74, 278579;
75, 281561;
76, 284542;
77, 0 41 0 8000 41click 0 10 77 1 10;
78, 0 78 1 10;
79, 0 79 1 10;
80, 0 80 1 10;
81, 0 81 1 10;
82, 0 82 1 10;
83, 0 83 1 10;
84, 0 84 1 10;
85, 0 85 1 10;
86, 0 86 1 10;
87, 0 87 1 10;
88, 0 88 1 10;
89, 0 89 1 10;
90, 0 90 1 10;
91, 0 91 1 10;
92, 0 92 1 10;
93, 0 93 1 10;
94, 0 94 1 10;
95, 0 95 1 10;
96, 0 96 1 10;
97, 0 97 1 10;
98, 0 98 1 10;
99, 0 99 1 10;
100, 0 100 1 10;
101, 0 101 1 10;
102, 0 102 1 10;
103, 0 103 1 10;
104, 0 104 1 10;
105, 0 105 1 10;
106, 50384 106 1 10 106click 1 10;
107, 55384;
108, 55384 reset-seek 2068 108 1 10 108click 1 10 106click 0 10;
109, 28138 77 0 10000 78 0 10000 79 0 10000 80 0 10000 81 0 10000 82 0 10000 83 0 10000 84 0 10000 85 0 10000 86 0 10000 87 0 10000 88 0 10000 89 0 10000 90 0 10000 91 0 10000 92 0 10000 93 0 10000 94 0 10000 95 0 10000 96 0 10000 97 0 10000 98 0 10000 99 0 10000 100 0 10000 101 0 10000 102 0 10000 103 0 10000 104 0 10000 105 0 10000 106 0 10000;
110, 29793;
111, 44689;
112, 54621;
113, 74483;
114, 82758;
115, 87724;
116, 98916;
117, 109866;
118, 118438;
119, 128568;
120, 154282;
121, 167918;
122, 189828;
123, 197976;
124, 203161;
125, 215383;
126, 217976;
127, 228346;
128, 235153;
129, 239414;
130, 250775;
131, 262136;
132, 267461;
133, 290183;
134, 304739;
135, 324266;
136, 325686;
137, 327106;
138, 0 108 0 4000 108click 0 50 138 1 10;
139, 0;
140, 0 140 1 10;
141, 0 141 1 10;
142, 0 142 1 10;
143, 0 143 1 10;
144, 0 144 1 10;
145, 0 145 1 10;
146, 0 146 1 10;
147, 0 147 1 10;
148, 0 148 1 10;
149, 806 149 1 10 149click 1 10;
150, 1611 138 0 6000 140 0 6000 141 0 6000 142 0 6000 143 0 6000 144 0 6000 145 0 6000 146 0 6000 147 0 6000 148 0 6000;
151, 74900;
152, 74900 reset-seek 916 149click 0 10 152 1 10 152click 1 10;
153, 1832;
154, 25649 149 0 10000;
155, 61832;
156, 93893;
157, 121451;
158, 166690;
159, 178276;
160, 182828;
161, 186552;
162, 192759;
163, 194828;
164, 198139;
165, 199794;
166, 214690;
167, 251104;
168, 285863;
169, 299104;
170, 299932;
171, 307380;
172, 315656;
173, 0 152click 0 10 152 0 2000;
